record_id	unit_id	segment_in_unit	token_index_in_segment	token	simp_start_in_unit	simp_end_in_unit	is_target_token
weijin__gehong_文行	weijin__gehong_文行__part01	0	0	或曰	0	2	False
weijin__gehong_文行	weijin__gehong_文行__part01	0	1	德	4	5	False
weijin__gehong_文行	weijin__gehong_文行__part01	0	2	行者	5	7	False
weijin__gehong_文行	weijin__gehong_文行__part01	0	3	本	8	9	False
weijin__gehong_文行	weijin__gehong_文行__part01	0	4	也	9	10	False
weijin__gehong_文行	weijin__gehong_文行__part01	1	0	文章	11	13	False
weijin__gehong_文行	weijin__gehong_文行__part01	1	1	者	13	14	False
weijin__gehong_文行	weijin__gehong_文行__part01	1	2	末	15	16	False
weijin__gehong_文行	weijin__gehong_文行__part01	1	3	也	16	17	False
weijin__gehong_文行	weijin__gehong_文行__part01	2	0	故	18	19	False
weijin__gehong_文行	weijin__gehong_文行__part01	2	1	四科	19	21	False
weijin__gehong_文行	weijin__gehong_文行__part01	2	2	之序	21	23	False
weijin__gehong_文行	weijin__gehong_文行__part01	2	3	文不居上	24	28	False
weijin__gehong_文行	weijin__gehong_文行__part01	3	0	然则	29	31	False
weijin__gehong_文行	weijin__gehong_文行__part01	3	1	著纸者	31	34	False
weijin__gehong_文行	weijin__gehong_文行__part01	3	2	糟粕	35	37	False
weijin__gehong_文行	weijin__gehong_文行__part01	3	3	之	37	38	False
weijin__gehong_文行	weijin__gehong_文行__part01	3	4	余事	38	40	False
weijin__gehong_文行	weijin__gehong_文行__part01	4	0	可传	41	43	False
weijin__gehong_文行	weijin__gehong_文行__part01	4	1	者	43	44	False
weijin__gehong_文行	weijin__gehong_文行__part01	4	2	祭毕	45	47	False
weijin__gehong_文行	weijin__gehong_文行__part01	4	3	之	47	48	False
weijin__gehong_文行	weijin__gehong_文行__part01	4	4	刍狗	48	50	False
weijin__gehong_文行	weijin__gehong_文行__part01	5	0	卑高	51	53	False
weijin__gehong_文行	weijin__gehong_文行__part01	5	1	之格	53	55	False
weijin__gehong_文行	weijin__gehong_文行__part01	5	2	是	56	57	False
weijin__gehong_文行	weijin__gehong_文行__part01	5	3	可	57	58	False
weijin__gehong_文行	weijin__gehong_文行__part01	5	4	讥	58	59	False
weijin__gehong_文行	weijin__gehong_文行__part01	5	5	矣	59	60	False
weijin__gehong_文行	weijin__gehong_文行__part01	6	0	抱朴子	63	66	False
weijin__gehong_文行	weijin__gehong_文行__part01	6	1	答	66	67	False
weijin__gehong_文行	weijin__gehong_文行__part01	6	2	曰	67	68	False
weijin__gehong_文行	weijin__gehong_文行__part01	6	3	荃	70	71	False
weijin__gehong_文行	weijin__gehong_文行__part01	6	4	可弃	71	73	False
weijin__gehong_文行	weijin__gehong_文行__part01	6	5	而	73	74	False
weijin__gehong_文行	weijin__gehong_文行__part01	6	6	鱼	74	75	False
weijin__gehong_文行	weijin__gehong_文行__part01	6	7	未获	75	77	False
weijin__gehong_文行	weijin__gehong_文行__part01	6	8	则	78	79	False
weijin__gehong_文行	weijin__gehong_文行__part01	6	9	不得	79	81	False
weijin__gehong_文行	weijin__gehong_文行__part01	6	10	无荃	81	83	False
weijin__gehong_文行	weijin__gehong_文行__part01	7	0	文可	84	86	False
weijin__gehong_文行	weijin__gehong_文行__part01	7	1	废而道	86	89	False
weijin__gehong_文行	weijin__gehong_文行__part01	7	2	未行	89	91	False
weijin__gehong_文行	weijin__gehong_文行__part01	7	3	则	92	93	False
weijin__gehong_文行	weijin__gehong_文行__part01	7	4	不得	93	95	False
weijin__gehong_文行	weijin__gehong_文行__part01	7	5	无文	95	97	False
weijin__gehong_文行	weijin__gehong_文行__part01	8	0	若夫	98	100	False
weijin__gehong_文行	weijin__gehong_文行__part01	8	1	翰迹	100	102	False
weijin__gehong_文行	weijin__gehong_文行__part01	8	2	韵略	102	104	False
weijin__gehong_文行	weijin__gehong_文行__part01	8	3	之广逼	104	107	False
weijin__gehong_文行	weijin__gehong_文行__part01	8	4	属辞	108	110	False
weijin__gehong_文行	weijin__gehong_文行__part01	8	5	比义	110	112	False
weijin__gehong_文行	weijin__gehong_文行__part01	8	6	之	112	113	False
weijin__gehong_文行	weijin__gehong_文行__part01	8	7	妍媸	113	115	False
weijin__gehong_文行	weijin__gehong_文行__part01	8	8	源流	116	118	False
weijin__gehong_文行	weijin__gehong_文行__part01	8	9	至	118	119	False
weijin__gehong_文行	weijin__gehong_文行__part01	8	10	到	119	120	False
weijin__gehong_文行	weijin__gehong_文行__part01	8	11	之	120	121	False
weijin__gehong_文行	weijin__gehong_文行__part01	8	12	修短	121	123	False
weijin__gehong_文行	weijin__gehong_文行__part01	8	13	韫藉	124	126	False
weijin__gehong_文行	weijin__gehong_文行__part01	8	14	汲引	126	128	False
weijin__gehong_文行	weijin__gehong_文行__part01	8	15	之	128	129	False
weijin__gehong_文行	weijin__gehong_文行__part01	8	16	深浅	129	131	False
weijin__gehong_文行	weijin__gehong_文行__part01	8	17	其	132	133	False
weijin__gehong_文行	weijin__gehong_文行__part01	8	18	悬绝	133	135	False
weijin__gehong_文行	weijin__gehong_文行__part01	8	19	也	135	136	False
weijin__gehong_文行	weijin__gehong_文行__part01	8	20	虽	137	138	False
weijin__gehong_文行	weijin__gehong_文行__part01	8	21	天外	138	140	False
weijin__gehong_文行	weijin__gehong_文行__part01	8	22	毫内	140	142	False
weijin__gehong_文行	weijin__gehong_文行__part01	8	23	不足以	143	146	False
weijin__gehong_文行	weijin__gehong_文行__part01	8	24	喻其	146	148	False
weijin__gehong_文行	weijin__gehong_文行__part01	8	25	辽邈	148	150	False
weijin__gehong_文行	weijin__gehong_文行__part01	8	26	虽	151	152	False
weijin__gehong_文行	weijin__gehong_文行__part01	8	27	三光	152	154	False
weijin__gehong_文行	weijin__gehong_文行__part01	8	28	熠耀	154	156	False
weijin__gehong_文行	weijin__gehong_文行__part01	8	29	不足以	157	160	False
weijin__gehong_文行	weijin__gehong_文行__part01	8	30	方其	160	162	False
weijin__gehong_文行	weijin__gehong_文行__part01	8	31	巨细	162	164	False
weijin__gehong_文行	weijin__gehong_文行__part01	9	0	龙渊	165	167	False
weijin__gehong_文行	weijin__gehong_文行__part01	9	1	铅	167	168	False
weijin__gehong_文行	weijin__gehong_文行__part01	9	2	铤	168	169	False
weijin__gehong_文行	weijin__gehong_文行__part01	9	3	未	170	171	False
weijin__gehong_文行	weijin__gehong_文行__part01	9	4	足以	171	173	False
weijin__gehong_文行	weijin__gehong_文行__part01	9	5	譬其锐	173	176	False
weijin__gehong_文行	weijin__gehong_文行__part01	9	6	钝	176	177	False
weijin__gehong_文行	weijin__gehong_文行__part01	10	0	鸿羽	178	180	False
weijin__gehong_文行	weijin__gehong_文行__part01	10	1	积金	180	182	False
weijin__gehong_文行	weijin__gehong_文行__part01	10	2	未	183	184	False
weijin__gehong_文行	weijin__gehong_文行__part01	10	3	足以	184	186	False
weijin__gehong_文行	weijin__gehong_文行__part01	10	4	方其	186	188	False
weijin__gehong_文行	weijin__gehong_文行__part01	10	5	轻重	188	190	False
weijin__gehong_文行	weijin__gehong_文行__part01	11	0	而	191	192	False
weijin__gehong_文行	weijin__gehong_文行__part01	11	1	俗士	192	194	False
weijin__gehong_文行	weijin__gehong_文行__part01	11	2	唯见	194	196	False
weijin__gehong_文行	weijin__gehong_文行__part01	11	3	能染毫	196	199	False
weijin__gehong_文行	weijin__gehong_文行__part01	11	4	画纸	199	201	False
weijin__gehong_文行	weijin__gehong_文行__part01	11	5	便	202	203	False
weijin__gehong_文行	weijin__gehong_文行__part01	11	6	概以	203	205	False
weijin__gehong_文行	weijin__gehong_文行__part01	11	7	一例	205	207	False
weijin__gehong_文行	weijin__gehong_文行__part01	11	8	斯伯氏	208	211	False
weijin__gehong_文行	weijin__gehong_文行__part01	11	9	所以	211	213	False
weijin__gehong_文行	weijin__gehong_文行__part01	11	10	永思	213	215	False
weijin__gehong_文行	weijin__gehong_文行__part01	11	11	钟子	215	217	False
weijin__gehong_文行	weijin__gehong_文行__part01	11	12	郢	218	219	False
weijin__gehong_文行	weijin__gehong_文行__part01	11	13	人	219	220	False
weijin__gehong_文行	weijin__gehong_文行__part01	11	14	所以	220	222	False
weijin__gehong_文行	weijin__gehong_文行__part01	11	15	格斤	222	224	False
weijin__gehong_文行	weijin__gehong_文行__part01	11	16	不运	224	226	False
weijin__gehong_文行	weijin__gehong_文行__part01	11	17	也	226	227	False
weijin__gehong_文行	weijin__gehong_文行__part01	12	0	夫	228	229	False
weijin__gehong_文行	weijin__gehong_文行__part01	12	1	斫	229	230	False
weijin__gehong_文行	weijin__gehong_文行__part01	12	2	削者	230	232	False
weijin__gehong_文行	weijin__gehong_文行__part01	12	3	比肩	232	234	False
weijin__gehong_文行	weijin__gehong_文行__part01	12	4	而班狄	235	238	False
weijin__gehong_文行	weijin__gehong_文行__part01	12	5	擅	238	239	False
weijin__gehong_文行	weijin__gehong_文行__part01	12	6	绝手	239	241	False
weijin__gehong_文行	weijin__gehong_文行__part01	12	7	之名	241	243	False
weijin__gehong_文行	weijin__gehong_文行__part01	13	0	援琴者	244	247	False
weijin__gehong_文行	weijin__gehong_文行__part01	13	1	至多	247	249	False
weijin__gehong_文行	weijin__gehong_文行__part01	13	2	而	250	251	False
weijin__gehong_文行	weijin__gehong_文行__part01	13	3	夔	251	252	False
weijin__gehong_文行	weijin__gehong_文行__part01	13	4	襄专	252	254	False
weijin__gehong_文行	weijin__gehong_文行__part01	13	5	清声	254	256	False
weijin__gehong_文行	weijin__gehong_文行__part01	13	6	之称	256	258	False
weijin__gehong_文行	weijin__gehong_文行__part01	14	0	厩	259	260	False
weijin__gehong_文行	weijin__gehong_文行__part01	14	1	马	260	261	False
weijin__gehong_文行	weijin__gehong_文行__part01	14	2	千驷	261	263	False
weijin__gehong_文行	weijin__gehong_文行__part01	14	3	而	264	265	False
weijin__gehong_文行	weijin__gehong_文行__part01	14	4	骐骝	265	267	False
weijin__gehong_文行	weijin__gehong_文行__part01	14	5	有邈	267	269	False
weijin__gehong_文行	weijin__gehong_文行__part01	14	6	群之价	269	272	False
weijin__gehong_文行	weijin__gehong_文行__part01	15	0	美人	273	275	False
weijin__gehong_文行	weijin__gehong_文行__part01	15	1	万计	275	277	False
weijin__gehong_文行	weijin__gehong_文行__part01	15	2	而	278	279	False
weijin__gehong_文行	weijin__gehong_文行__part01	15	3	威施	279	281	False
weijin__gehong_文行	weijin__gehong_文行__part01	15	4	有	281	282	False
weijin__gehong_文行	weijin__gehong_文行__part01	15	5	超世之色者	282	287	False
weijin__gehong_文行	weijin__gehong_文行__part01	15	6	盖	288	289	False
weijin__gehong_文行	weijin__gehong_文行__part01	15	7	远过	289	291	False
weijin__gehong_文行	weijin__gehong_文行__part01	15	8	众	291	292	False
weijin__gehong_文行	weijin__gehong_文行__part01	15	9	也	292	293	False
weijin__gehong_文行	weijin__gehong_文行__part01	16	0	且	294	295	False
weijin__gehong_文行	weijin__gehong_文行__part01	16	1	文章	295	297	False
weijin__gehong_文行	weijin__gehong_文行__part01	16	2	之	297	298	False
weijin__gehong_文行	weijin__gehong_文行__part01	16	3	与	298	299	False
weijin__gehong_文行	weijin__gehong_文行__part01	16	4	德行	299	301	False
weijin__gehong_文行	weijin__gehong_文行__part01	16	5	犹	302	303	False
weijin__gehong_文行	weijin__gehong_文行__part01	16	6	十尺	303	305	False
weijin__gehong_文行	weijin__gehong_文行__part01	16	7	之	305	306	False
weijin__gehong_文行	weijin__gehong_文行__part01	16	8	与	306	307	False
weijin__gehong_文行	weijin__gehong_文行__part01	16	9	一丈	307	309	False
weijin__gehong_文行	weijin__gehong_文行__part01	16	10	谓之	310	312	False
weijin__gehong_文行	weijin__gehong_文行__part01	16	11	余事	312	314	False
weijin__gehong_文行	weijin__gehong_文行__part01	16	12	未之闻	315	318	False
weijin__gehong_文行	weijin__gehong_文行__part01	16	13	也	318	319	False
weijin__gehong_文行	weijin__gehong_文行__part01	17	0	八卦	320	322	False
weijin__gehong_文行	weijin__gehong_文行__part01	17	1	生乎	322	324	False
weijin__gehong_文行	weijin__gehong_文行__part01	17	2	鹰隼	324	326	False
weijin__gehong_文行	weijin__gehong_文行__part01	17	3	之飞	326	328	False
weijin__gehong_文行	weijin__gehong_文行__part01	17	4	六甲	329	331	False
weijin__gehong_文行	weijin__gehong_文行__part01	17	5	出于	331	333	False
weijin__gehong_文行	weijin__gehong_文行__part01	17	6	灵龟	333	335	False
weijin__gehong_文行	weijin__gehong_文行__part01	17	7	之负	335	337	False
weijin__gehong_文行	weijin__gehong_文行__part01	17	8	文之	338	340	False
weijin__gehong_文行	weijin__gehong_文行__part01	17	9	所在	340	342	False
weijin__gehong_文行	weijin__gehong_文行__part01	17	10	虽且	343	345	False
weijin__gehong_文行	weijin__gehong_文行__part01	17	11	贵	345	346	False
weijin__gehong_文行	weijin__gehong_文行__part01	18	0	本	348	349	False
weijin__gehong_文行	weijin__gehong_文行__part01	18	1	不必	349	351	False
weijin__gehong_文行	weijin__gehong_文行__part01	18	2	便	351	352	False
weijin__gehong_文行	weijin__gehong_文行__part01	18	3	疏	352	353	False
weijin__gehong_文行	weijin__gehong_文行__part01	18	4	末	354	355	False
weijin__gehong_文行	weijin__gehong_文行__part01	18	5	不必	355	357	False
weijin__gehong_文行	weijin__gehong_文行__part01	18	6	皆	357	358	False
weijin__gehong_文行	weijin__gehong_文行__part01	18	7	薄	358	359	False
weijin__gehong_文行	weijin__gehong_文行__part01	18	8	譬	360	361	False
weijin__gehong_文行	weijin__gehong_文行__part01	18	9	锦绣	361	363	False
weijin__gehong_文行	weijin__gehong_文行__part01	18	10	之	363	364	False
weijin__gehong_文行	weijin__gehong_文行__part01	18	11	因素	364	366	False
weijin__gehong_文行	weijin__gehong_文行__part01	18	12	地	366	367	False
weijin__gehong_文行	weijin__gehong_文行__part01	18	13	珠玉	368	370	False
weijin__gehong_文行	weijin__gehong_文行__part01	18	14	之托虫	370	373	False
weijin__gehong_文行	weijin__gehong_文行__part01	18	15	奉石	373	375	False
weijin__gehong_文行	weijin__gehong_文行__part01	18	16	云雨	376	378	False
weijin__gehong_文行	weijin__gehong_文行__part01	18	17	生于	378	380	False
weijin__gehong_文行	weijin__gehong_文行__part01	18	18	肤寸	380	382	False
weijin__gehong_文行	weijin__gehong_文行__part01	18	19	江河	383	385	False
weijin__gehong_文行	weijin__gehong_文行__part01	18	20	始于	385	387	False
weijin__gehong_文行	weijin__gehong_文行__part01	18	21	咫尺	387	389	False
weijin__gehong_文行	weijin__gehong_文行__part01	18	22	理诚	390	392	False
weijin__gehong_文行	weijin__gehong_文行__part01	18	23	若兹	392	394	False
weijin__gehong_文行	weijin__gehong_文行__part01	18	24	则	395	396	False
weijin__gehong_文行	weijin__gehong_文行__part01	18	25	雅论	396	398	False
weijin__gehong_文行	weijin__gehong_文行__part01	18	26	病	398	399	False
weijin__gehong_文行	weijin__gehong_文行__part01	18	27	矣	399	400	False
weijin__gehong_文行	weijin__gehong_文行__part01	19	0	又	403	404	False
weijin__gehong_文行	weijin__gehong_文行__part01	19	1	曰	404	405	False
weijin__gehong_文行	weijin__gehong_文行__part01	19	2	应龙	407	409	False
weijin__gehong_文行	weijin__gehong_文行__part01	19	3	徐举	409	411	False
weijin__gehong_文行	weijin__gehong_文行__part01	19	4	顾眄	412	414	False
weijin__gehong_文行	weijin__gehong_文行__part01	19	5	而	414	415	False
weijin__gehong_文行	weijin__gehong_文行__part01	19	6	凌云	415	417	False
weijin__gehong_文行	weijin__gehong_文行__part01	20	0	汗血	418	420	False
weijin__gehong_文行	weijin__gehong_文行__part01	20	1	缓步	420	422	False
weijin__gehong_文行	weijin__gehong_文行__part01	20	2	呼吸	423	425	False
weijin__gehong_文行	weijin__gehong_文行__part01	20	3	而	425	426	False
weijin__gehong_文行	weijin__gehong_文行__part01	20	4	千里	426	428	False
weijin__gehong_文行	weijin__gehong_文行__part01	21	0	故	429	430	False
weijin__gehong_文行	weijin__gehong_文行__part01	21	1	蝼蚁	430	432	False
weijin__gehong_文行	weijin__gehong_文行__part01	21	2	怪	432	433	False
weijin__gehong_文行	weijin__gehong_文行__part01	21	3	其	433	434	False
weijin__gehong_文行	weijin__gehong_文行__part01	21	4	无阶	434	436	False
weijin__gehong_文行	weijin__gehong_文行__part01	21	5	而	436	437	False
weijin__gehong_文行	weijin__gehong_文行__part01	21	6	高致	437	439	False
weijin__gehong_文行	weijin__gehong_文行__part01	21	7	驽蹇	440	442	False
weijin__gehong_文行	weijin__gehong_文行__part01	21	8	惊过己	442	445	False
weijin__gehong_文行	weijin__gehong_文行__part01	21	9	之	445	446	False
weijin__gehong_文行	weijin__gehong_文行__part01	21	10	不渐	446	448	False
weijin__gehong_文行	weijin__gehong_文行__part01	21	11	也	448	449	False
weijin__gehong_文行	weijin__gehong_文行__part01	22	0	若夫	450	452	False
weijin__gehong_文行	weijin__gehong_文行__part01	22	1	驰骤	452	454	False
weijin__gehong_文行	weijin__gehong_文行__part01	22	2	诗论	454	456	False
weijin__gehong_文行	weijin__gehong_文行__part01	22	3	之中	456	458	False
weijin__gehong_文行	weijin__gehong_文行__part01	22	4	周旋	459	461	False
weijin__gehong_文行	weijin__gehong_文行__part01	22	5	一经	461	463	False
weijin__gehong_文行	weijin__gehong_文行__part01	22	6	之内	463	465	False
weijin__gehong_文行	weijin__gehong_文行__part01	22	7	以	466	467	False
weijin__gehong_文行	weijin__gehong_文行__part01	22	8	常情	467	469	False
weijin__gehong_文行	weijin__gehong_文行__part01	22	9	览	469	470	False
weijin__gehong_文行	weijin__gehong_文行__part01	22	10	巨异	470	472	False
weijin__gehong_文行	weijin__gehong_文行__part01	22	11	以	473	474	False
weijin__gehong_文行	weijin__gehong_文行__part01	22	12	褊量	474	476	False
weijin__gehong_文行	weijin__gehong_文行__part01	22	13	测	476	477	False
weijin__gehong_文行	weijin__gehong_文行__part01	22	14	无涯	477	479	False
weijin__gehong_文行	weijin__gehong_文行__part01	22	15	始自	480	482	False
weijin__gehong_文行	weijin__gehong_文行__part01	22	16	髫龀	482	484	False
weijin__gehong_文行	weijin__gehong_文行__part01	22	17	诣	485	486	False
weijin__gehong_文行	weijin__gehong_文行__part01	22	18	于振素	486	489	False
weijin__gehong_文行	weijin__gehong_文行__part01	22	19	不能	490	492	False
weijin__gehong_文行	weijin__gehong_文行__part01	22	20	得	492	493	False
weijin__gehong_文行	weijin__gehong_文行__part01	22	21	也	493	494	False
weijin__gehong_文行	weijin__gehong_文行__part01	23	0	又	495	496	False
weijin__gehong_文行	weijin__gehong_文行__part01	23	1	世俗	496	498	False
weijin__gehong_文行	weijin__gehong_文行__part01	23	2	率贵	498	500	False
weijin__gehong_文行	weijin__gehong_文行__part01	23	3	古昔	500	502	False
weijin__gehong_文行	weijin__gehong_文行__part01	23	4	而	502	503	False
weijin__gehong_文行	weijin__gehong_文行__part01	23	5	贱	503	504	False
weijin__gehong_文行	weijin__gehong_文行__part01	23	6	当今	504	506	False
weijin__gehong_文行	weijin__gehong_文行__part01	23	7	敬	507	508	False
weijin__gehong_文行	weijin__gehong_文行__part01	23	8	所闻	508	510	False
weijin__gehong_文行	weijin__gehong_文行__part01	23	9	而	510	511	False
weijin__gehong_文行	weijin__gehong_文行__part01	23	10	黩	511	512	False
weijin__gehong_文行	weijin__gehong_文行__part01	23	11	所见	512	514	False
weijin__gehong_文行	weijin__gehong_文行__part01	24	0	同时	515	517	False
weijin__gehong_文行	weijin__gehong_文行__part01	24	1	虽	517	518	False
weijin__gehong_文行	weijin__gehong_文行__part01	24	2	有	518	519	False
weijin__gehong_文行	weijin__gehong_文行__part01	24	3	追风	519	521	False
weijin__gehong_文行	weijin__gehong_文行__part01	24	4	绝景	521	523	False
weijin__gehong_文行	weijin__gehong_文行__part01	24	5	之骏	523	525	False
weijin__gehong_文行	weijin__gehong_文行__part01	24	6	犹谓	526	528	False
weijin__gehong_文行	weijin__gehong_文行__part01	24	7	不及	528	530	False
weijin__gehong_文行	weijin__gehong_文行__part01	24	8	伯乐	530	532	False
weijin__gehong_文行	weijin__gehong_文行__part01	24	9	之所御	532	535	False
weijin__gehong_文行	weijin__gehong_文行__part01	24	10	也	535	536	False
weijin__gehong_文行	weijin__gehong_文行__part01	25	0	虽有宵良	537	541	False
weijin__gehong_文行	weijin__gehong_文行__part01	25	1	兼城	541	543	False
weijin__gehong_文行	weijin__gehong_文行__part01	25	2	之	543	544	False
weijin__gehong_文行	weijin__gehong_文行__part01	25	3	璞	544	545	False
weijin__gehong_文行	weijin__gehong_文行__part01	25	4	犹谓	546	548	False
weijin__gehong_文行	weijin__gehong_文行__part01	25	5	不及	548	550	False
weijin__gehong_文行	weijin__gehong_文行__part01	25	6	楚	550	551	False
weijin__gehong_文行	weijin__gehong_文行__part01	25	7	和	551	552	False
weijin__gehong_文行	weijin__gehong_文行__part01	25	8	之	552	553	False
weijin__gehong_文行	weijin__gehong_文行__part01	25	9	所泣	553	555	False
weijin__gehong_文行	weijin__gehong_文行__part01	25	10	也	555	556	False
weijin__gehong_文行	weijin__gehong_文行__part01	26	0	虽有	557	559	False
weijin__gehong_文行	weijin__gehong_文行__part01	26	1	断马	559	561	False
weijin__gehong_文行	weijin__gehong_文行__part01	26	2	指雕	561	563	False
weijin__gehong_文行	weijin__gehong_文行__part01	26	3	之	563	564	False
weijin__gehong_文行	weijin__gehong_文行__part01	26	4	剑	564	565	False
weijin__gehong_文行	weijin__gehong_文行__part01	26	5	犹谓	566	568	False
weijin__gehong_文行	weijin__gehong_文行__part01	26	6	不及	568	570	False
weijin__gehong_文行	weijin__gehong_文行__part01	26	7	欧冶	570	572	False
weijin__gehong_文行	weijin__gehong_文行__part01	26	8	之	572	573	False
weijin__gehong_文行	weijin__gehong_文行__part01	26	9	所	573	574	False
weijin__gehong_文行	weijin__gehong_文行__part01	26	10	铸	574	575	False
weijin__gehong_文行	weijin__gehong_文行__part01	26	11	也	575	576	False
weijin__gehong_文行	weijin__gehong_文行__part01	27	0	虽	577	578	False
weijin__gehong_文行	weijin__gehong_文行__part01	27	1	有生	578	580	False
weijin__gehong_文行	weijin__gehong_文行__part01	27	2	枯起朽	580	583	False
weijin__gehong_文行	weijin__gehong_文行__part01	27	3	之药	583	585	False
weijin__gehong_文行	weijin__gehong_文行__part01	27	4	犹谓	586	588	False
weijin__gehong_文行	weijin__gehong_文行__part01	27	5	不及	588	590	False
weijin__gehong_文行	weijin__gehong_文行__part01	27	6	和鹊	590	592	False
weijin__gehong_文行	weijin__gehong_文行__part01	27	7	之所合	592	595	False
weijin__gehong_文行	weijin__gehong_文行__part01	27	8	也	595	596	False
weijin__gehong_文行	weijin__gehong_文行__part01	28	0	虽	597	598	False
weijin__gehong_文行	weijin__gehong_文行__part01	28	1	有	598	599	False
weijin__gehong_文行	weijin__gehong_文行__part01	28	2	冠群	599	601	False
weijin__gehong_文行	weijin__gehong_文行__part01	28	3	独行	601	603	False
weijin__gehong_文行	weijin__gehong_文行__part01	28	4	之士	603	605	False
weijin__gehong_文行	weijin__gehong_文行__part01	28	5	犹谓	606	608	False
weijin__gehong_文行	weijin__gehong_文行__part01	28	6	不及	608	610	False
weijin__gehong_文行	weijin__gehong_文行__part01	28	7	于	610	611	False
weijin__gehong_文行	weijin__gehong_文行__part01	28	8	古人	611	613	False
weijin__gehong_文行	weijin__gehong_文行__part01	28	9	也	613	614	False
